proj:       0
zone:       0
north:      437000
south:      432000
east:       376500
west:       371500
cols:       1000
rows:       1000
e-w resol:  5
n-s resol:  5
top:        1.000000000000000
bottom:     0.000000000000000
cols3:      1000
rows3:      1000
depths:     1
e-w resol3: 5
n-s resol3: 5
t-b resol:  1
